001 0999 0001 0000
002 0994 0006 0000
003 0958 0041 0001
004 0760 0232 0008
005 0232 0708 0060
006 0000 0794 0206
007 0000 0636 0364
008 0000 0513 0487
009 0000 0407 0593
010 0000 0323 0677
011 0000 0256 0744
012 0000 0210 0790
013 0000 0166 0834
014 0000 0132 0868
015 0000 0096 0904
016 0000 0074 0926
017 0000 0061 0939
018 0000 0049 0951
019 0000 0041 0959
020 0000 0035 0965
021 0000 0031 0969
022 0000 0023 0977
023 0000 0019 0981
024 0000 0015 0985
025 0000 0012 0988
026 0000 0010 0990
027 0000 0008 0992
028 0000 0005 0995
029 0000 0005 0995
030 0000 0002 0998
031 0000 0002 0998
032 0000 0002 0998
033 0000 0001 0999
034 0000 0001 0999
035 0000 0001 0999
036 0000 0001 0999
037 0000 0001 0999
038 0000 0001 0999
039 0000 0001 0999
040 0000 0001 0999
041 0000 0001 0999
042 0000 0001 0999
043 0000 0001 0999
044 0000 0001 0999
045 0000 0001 0999
046 0000 0001 0999
047 0000 0000 1000
048 0000 0000 1000
049 0000 0000 1000
050 0000 0000 1000
051 0000 0000 1000
052 0000 0000 1000
053 0000 0000 1000
054 0000 0000 1000
055 0000 0000 1000
056 0000 0000 1000
057 0000 0000 1000
058 0000 0000 1000
059 0000 0000 1000
060 0000 0000 1000
061 0000 0000 1000
062 0000 0000 1000
063 0000 0000 1000
064 0000 0000 1000
065 0000 0000 1000
066 0000 0000 1000
067 0000 0000 1000
068 0000 0000 1000
069 0000 0000 1000
070 0000 0000 1000
071 0000 0000 1000
072 0000 0000 1000
073 0000 0000 1000
074 0000 0000 1000
075 0000 0000 1000
076 0000 0000 1000
077 0000 0000 1000
078 0000 0000 1000
079 0000 0000 1000
080 0000 0000 1000
081 0000 0000 1000
082 0000 0000 1000
083 0000 0000 1000
084 0000 0000 1000
085 0000 0000 1000
086 0000 0000 1000
087 0000 0000 1000
088 0000 0000 1000
089 0000 0000 1000
090 0000 0000 1000
091 0000 0000 1000
092 0000 0000 1000
093 0000 0000 1000
094 0000 0000 1000
095 0000 0000 1000
096 0000 0000 1000
097 0000 0000 1000
098 0000 0000 1000
099 0000 0000 1000
100 0000 0000 1000
101 0000 0000 1000
102 0000 0000 1000
103 0000 0000 1000
104 0000 0000 1000
105 0000 0000 1000
106 0000 0000 1000
107 0000 0000 1000
108 0000 0000 1000
109 0000 0000 1000
110 0000 0000 1000
111 0000 0000 1000
112 0000 0000 1000
113 0000 0000 1000
114 0000 0000 1000
115 0000 0000 1000
116 0000 0000 1000
117 0000 0000 1000
118 0000 0000 1000
119 0000 0000 1000
120 0000 0000 1000
121 0000 0000 1000
122 0000 0000 1000
123 0000 0000 1000
124 0000 0000 1000
125 0000 0000 1000
126 0000 0000 1000
127 0000 0000 1000
128 0000 0000 1000
129 0000 0000 1000
130 0000 0000 1000
131 0000 0000 1000
132 0000 0000 1000
133 0000 0000 1000
134 0000 0000 1000
135 0000 0000 1000
136 0000 0000 1000
137 0000 0000 1000
138 0000 0000 1000
139 0000 0000 1000
140 0000 0000 1000
141 0000 0000 1000
142 0000 0000 1000
143 0000 0000 1000
144 0000 0000 1000
145 0000 0000 1000
146 0000 0000 1000
147 0000 0000 1000
148 0000 0000 1000
149 0000 0000 1000
150 0000 0000 1000
151 0000 0000 1000
152 0000 0000 1000
153 0000 0000 1000
154 0000 0000 1000
155 0000 0000 1000
156 0000 0000 1000
157 0000 0000 1000
158 0000 0000 1000
159 0000 0000 1000
160 0000 0000 1000
161 0000 0000 1000
162 0000 0000 1000
163 0000 0000 1000
164 0000 0000 1000
165 0000 0000 1000
166 0000 0000 1000
167 0000 0000 1000
168 0000 0000 1000
169 0000 0000 1000
170 0000 0000 1000
171 0000 0000 1000
172 0000 0000 1000
173 0000 0000 1000
174 0000 0000 1000
175 0000 0000 1000
176 0000 0000 1000
177 0000 0000 1000
178 0000 0000 1000
179 0000 0000 1000
180 0000 0000 1000
181 0000 0000 1000
182 0000 0000 1000
183 0000 0000 1000
184 0000 0000 1000
185 0000 0000 1000
186 0000 0000 1000
187 0000 0000 1000
188 0000 0000 1000
189 0000 0000 1000
190 0000 0000 1000
191 0000 0000 1000
192 0000 0000 1000
193 0000 0000 1000
194 0000 0000 1000
195 0000 0000 1000
196 0000 0000 1000
197 0000 0000 1000
198 0000 0000 1000
199 0000 0000 1000
200 0000 0000 1000
201 0000 0000 1000
202 0000 0000 1000
203 0000 0000 1000
204 0000 0000 1000
205 0000 0000 1000
206 0000 0000 1000
207 0000 0000 1000
208 0000 0000 1000
209 0000 0000 1000
210 0000 0000 1000
211 0000 0000 1000
212 0000 0000 1000
213 0000 0000 1000
214 0000 0000 1000
215 0000 0000 1000
216 0000 0000 1000
217 0000 0000 1000
218 0000 0000 1000
219 0000 0000 1000
220 0000 0000 1000
221 0000 0000 1000
222 0000 0000 1000
223 0000 0000 1000
224 0000 0000 1000
225 0000 0000 1000
226 0000 0000 1000
227 0000 0000 1000
228 0000 0000 1000
229 0000 0000 1000
230 0000 0000 1000
231 0000 0000 1000
232 0000 0000 1000
233 0000 0000 1000
234 0000 0000 1000
235 0000 0000 1000
236 0000 0000 1000
237 0000 0000 1000
238 0000 0000 1000
239 0000 0000 1000
240 0000 0000 1000
241 0000 0000 1000
242 0000 0000 1000
243 0000 0000 1000
244 0000 0000 1000
245 0000 0000 1000
246 0000 0000 1000
247 0000 0000 1000
248 0000 0000 1000
249 0000 0000 1000
250 0000 0000 1000
251 0000 0000 1000
252 0000 0000 1000
253 0000 0000 1000
254 0000 0000 1000
255 0000 0000 1000
256 0000 0000 1000
257 0000 0000 1000
258 0000 0000 1000
259 0000 0000 1000
260 0000 0000 1000
261 0000 0000 1000
262 0000 0000 1000
263 0000 0000 1000
264 0000 0000 1000
265 0000 0000 1000
266 0000 0000 1000
267 0000 0000 1000
268 0000 0000 1000
269 0000 0000 1000
270 0000 0000 1000
271 0000 0000 1000
272 0000 0000 1000
273 0000 0000 1000
274 0000 0000 1000
275 0000 0000 1000
276 0000 0000 1000
277 0000 0000 1000
278 0000 0000 1000
279 0000 0000 1000
280 0000 0000 1000
281 0000 0000 1000
282 0000 0000 1000
283 0000 0000 1000
284 0000 0000 1000
285 0000 0000 1000
286 0000 0000 1000
287 0000 0000 1000
288 0000 0000 1000
289 0000 0000 1000
290 0000 0000 1000
291 0000 0000 1000
292 0000 0000 1000
293 0000 0000 1000
294 0000 0000 1000
295 0000 0000 1000
296 0000 0000 1000
297 0000 0000 1000
298 0000 0000 1000
299 0000 0000 1000
300 0000 0000 1000
